# Frame list with one line of data per frame:
#   FRAME_ID, RIG_ID, RIG_FROM_WORLD[QW, QX, QY, QZ, TX, TY, TZ], NUM_DATA_IDS, DATA_IDS[] as (SENSOR_TYPE, SENSOR_ID, DATA_ID)
# Number of frames: 50
1 1 0.4775485253865181 -0.09334216107843267 -0.87272042708987974 0.039921209982012019 4.2394986709315754 -0.43918143285277428 3.9674784450655718 1 CAMERA 1 1
2 1 0.60203937093103999 -0.099089995811486212 -0.79221984200675788 0.010839303936368991 3.5379680941864367 -0.53917227048430161 2.7955078288299657 1 CAMERA 1 2
3 1 0.62197007881711253 -0.098891541357876908 -0.7767525433795327 0.005400968202579879 3.3880302239976507 -0.53698338629478426 2.6247740490866431 1 CAMERA 1 3
4 1 0.49930624693226544 -0.093928971294686261 -0.8607049235683274 0.032521603145871152 4.1471673988037985 -0.46226097656075094 3.7691407080233295 1 CAMERA 1 4
5 1 -0.45543362704531892 0.092080869639042717 0.88424854933533059 -0.046966241080444129 4.3218582652622599 -0.40488408092454742 4.1678731613865168 1 CAMERA 1 5
6 1 0.64137747152492108 -0.098824714381771539 -0.76083300116335406 0.0013263440066526228 3.2292855521035628 -0.5324906381223844 2.4550956466291534 1 CAMERA 1 6
7 1 0.56213234619708741 -0.098710178790829314 -0.82088428255327628 0.020310603610758149 3.8077749018918317 -0.52987432660548728 3.1609122545395363 1 CAMERA 1 7
8 1 0.66036794442090729 -0.098046668572001533 -0.74450687644337832 -0.0032464891439676707 3.0635769086262936 -0.51878919053472727 2.2933686074050947 1 CAMERA 1 8
9 1 0.76376999953724356 -0.090079436957124975 -0.63873643061695828 -0.023597776316296133 1.9422329084758727 -0.37107788337120007 1.5330317703439378 1 CAMERA 1 9
10 1 0.52107007113920689 -0.096021619955638987 -0.84761627201307121 0.02850412045195835 4.041425942788476 -0.49205042789822334 3.5570625964805562 1 CAMERA 1 10
11 1 0.7486912094804109 -0.091968862867449985 -0.65618430193666277 -0.020624330329063186 2.1321522509875828 -0.40351593676606856 1.6277770176810713 1 CAMERA 1 11
12 1 0.78196081711387988 -0.088452953354860378 -0.61645089139258613 -0.026488753135665066 1.707792158852925 -0.33558407446963706 1.4217221221654559 1 CAMERA 1 12
13 1 0.71438932744830208 -0.095823936221445347 -0.69301416530655746 -0.014036693323091688 2.5260364774003472 -0.46683175777817398 1.8661022161972056 1 CAMERA 1 13
14 1 0.67907630229397464 -0.097066808945622252 -0.72758787393180169 -0.0070211089763220899 2.888481796305594 -0.50188566966331349 2.1402346170743889 1 CAMERA 1 14
15 1 0.69715991602480987 -0.096263918989946781 -0.71034046153856489 -0.010850718416571908 2.7090104637073318 -0.48328449904783977 1.9991256600277283 1 CAMERA 1 15
16 1 0.5414631897377421 -0.097113322842477895 -0.83473599522759967 0.024544550452420901 3.9302767542449524 -0.51002176762523088 3.3588784303612846 1 CAMERA 1 16
17 1 0.58236298269851838 -0.099104558403497772 -0.80671661516202697 0.015490181007818472 3.6768300992985758 -0.53771904791657632 2.9732757077670016 1 CAMERA 1 17
18 1 0.73192584320068499 -0.094359529390618743 -0.67460972949971898 -0.016809287089681827 2.3299520465249288 -0.4405762615277094 1.7384580981200801 1 CAMERA 1 18
19 1 0.79803255488834701 -0.084325871902657792 -0.59593057553299555 -0.029998963501205893 1.4877608866747298 -0.27835893115597182 1.3362895047793812 1 CAMERA 1 19
20 1 0.81197213846426997 -0.084057459065109613 -0.5767860446077826 -0.030877964294730588 1.2805941197803237 -0.25947554959001962 1.2697193471537553 1 CAMERA 1 20
21 1 0.86654168889786387 -0.072363263431866956 -0.49237357292086092 -0.037912058723759481 0.38565078802003755 -0.079342276033506867 1.1040018460876411 1 CAMERA 1 21
22 1 0.91299092485500066 -0.055944405104589874 -0.40200773116261029 -0.041322859961461809 -0.53418363002984282 0.12961480811305809 1.1161934048671505 1 CAMERA 1 22
23 1 0.82641357496463141 -0.080553309503586704 -0.556263917840226 -0.033499569418715028 1.0609381870595151 -0.20835440216670043 1.2111139441117769 1 CAMERA 1 23
24 1 0.87904574374120681 -0.06823699666790789 -0.47017476884313347 -0.039471248264002279 0.15603654706514625 -0.023703872384273978 1.0867441201672479 1 CAMERA 1 24
25 1 0.85349681514444631 -0.074716529957546421 -0.51438645944297368 -0.036975627528307513 0.61637016004285927 -0.11846752297844715 1.1280678869939513 1 CAMERA 1 25
26 1 0.84038722855494097 -0.077662506352130151 -0.53522183225808573 -0.035432068287757711 0.8374664476716106 -0.16291530974034216 1.1620763436105377 1 CAMERA 1 26
27 1 0.92300787152590891 -0.052847698594766679 -0.37890822381620753 -0.041135723877122957 -0.76048783508050133 0.1685574977668772 1.1514324127341533 1 CAMERA 1 27
28 1 0.89093843985410881 -0.064723163793460228 -0.44769324062222643 -0.040129425115005689 -0.074711781342777131 0.023182326133633902 1.0852272851415254 1 CAMERA 1 28
29 1 0.90240946753152185 -0.060348096702586 -0.42468806971407735 -0.040685422160542772 -0.30802252140119107 0.07696090204872727 1.0920519643783018 1 CAMERA 1 29
30 1 0.93277806267190955 -0.048732906679385103 -0.35481733527531489 -0.040679825377480536 -0.99185768859636469 0.21360775425588927 1.1966717576591723 1 CAMERA 1 30
31 1 0.94112132064704679 -0.044826795770306987 -0.33264201615270883 -0.040379540542047593 -1.2027171827054581 0.25531690781376171 1.2511897272924242 1 CAMERA 1 31
32 1 0.98156264212698718 -0.013961945904931314 -0.18794280309766415 -0.031895868243842239 -2.4562249931616162 0.48831290811965172 1.8253030705649798 1 CAMERA 1 32
33 1 0.99304510879271757 0.00090306323189557963 -0.11532133202274954 -0.023697821844162172 -3.0013075639796174 0.5470622585357573 2.2403844629966225 1 CAMERA 1 33
34 1 0.98987196313290515 -0.0040720695546453637 -0.13934106835454124 -0.02685109909791035 -2.8271553132687215 0.53333634950193043 2.0935921014277468 1 CAMERA 1 34
35 1 0.98594445205521819 -0.0082764690861479168 -0.16418253045717768 -0.029818353637982964 -2.6411566978504029 0.51773800967537242 1.9558047267892118 1 CAMERA 1 35
36 1 0.94996439608694028 -0.039731876414740526 -0.30730659973764701 -0.0393913432295009 -1.4351538280330856 0.30142871120416853 1.3244855894210898 1 CAMERA 1 36
37 1 0.95782604504695112 -0.034884081310790474 -0.28261319970358967 -0.038498670809741634 -1.6563572008664345 0.3451135604833146 1.4054922256108779 1 CAMERA 1 37
38 1 0.99560666092695305 0.0051287218577141941 -0.091212778294589819 -0.02052564263967269 -3.1674498357834393 0.55551785655872377 2.3921222474731492 1 CAMERA 1 38
39 1 0.99750353173541706 0.010186203977209929 -0.067812588644128535 -0.016864111162077398 -3.3233634754962695 0.56106932521746677 2.5497606652882761 1 CAMERA 1 39
40 1 0.96442678431297413 -0.03062451322493721 -0.2599270016327539 -0.037162759742495062 -1.8576130298070446 0.37919630137755633 1.4935980549830419 1 CAMERA 1 40
41 1 0.97080680116616702 -0.025386678230299893 -0.23582063665568798 -0.035753303417328096 -2.0636549953776711 0.41796075116016884 1.5927506640618256 1 CAMERA 1 41
42 1 0.97665435604828488 -0.020553128041015022 -0.21115391409320791 -0.033732214613893606 -2.2680062923148103 0.44829760298592941 1.709099056210545 1 CAMERA 1 42
43 1 0.99885343722398001 0.014879549107262935 -0.04355346800006786 -0.013172144448505953 -3.4749262034623634 0.56211066457663172 2.7205278361862 1 CAMERA 1 43
44 1 0.99955781305583802 0.020577362498008723 -0.01951348638047842 -0.0089428385278355425 -3.6185185737551402 0.56043296119724628 2.8987298865980953 1 CAMERA 1 44
45 1 0.99792066581450778 0.034819365406564204 0.054005414382488307 0.0050370378586735336 -4.000206589489621 0.51528362883910095 3.4736715736352974 1 CAMERA 1 45
46 1 0.99911800236071957 0.030183287959534032 0.029192217532967114 3.0367500596238459e-05 -3.8805081031498418 0.53677167454410957 3.2711719706981217 1 CAMERA 1 46
47 1 0.99965756421945751 0.025336988018270588 0.0047186279830101477 -0.0045305504015712645 -3.754047401169871 0.54991333150088628 3.0832341629526674 1 CAMERA 1 47
48 1 0.99365624454338675 0.044427892840924445 0.10214193009509315 0.015506648061325646 -4.2042224113036335 0.46009632937078193 3.8811832683523702 1 CAMERA 1 48
49 1 0.99612092353667048 0.039791255766735027 0.077825671206281227 0.010145272704511011 -4.1062918326661064 0.49068345389546941 3.6730288583298445 1 CAMERA 1 49
50 1 0.99063352211344147 0.049109808686301305 0.12564649253196369 0.021128428013643445 -4.2905726810937264 0.42475456179139809 4.0850420200750452 1 CAMERA 1 50
