# Frame list with one line of data per frame:
#   FRAME_ID, RIG_ID, RIG_FROM_WORLD[QW, QX, QY, QZ, TX, TY, TZ], NUM_DATA_IDS, DATA_IDS[] as (SENSOR_TYPE, SENSOR_ID, DATA_ID)
# Number of frames: 100
1 1 0.04665616739565534 0.005976865775696864 0.75425148210276904 0.65489860349921669 0.053844452812994145 -2.4577970593478744 3.0388404509439972 1 CAMERA 1 1
2 1 -0.10653746941292606 0.037017107768960555 0.58642115026961583 0.80211578706566544 -0.12536178626209132 -1.5465729783511306 2.1126210003125325 1 CAMERA 1 2
3 1 -0.34101333884067681 0.1404141718635564 0.68960125661578109 0.62325265338106761 -0.39756727146346693 -2.4261252579064685 3.0350152722970711 1 CAMERA 1 3
4 1 0.5586767352007076 -0.095530030546147574 0.51740625521137507 0.64112797932820886 0.54938772435970251 -2.0814506100801378 2.6244904024757489 1 CAMERA 1 4
5 1 0.92719601458862766 0.19785099587530677 0.070192737575683367 0.31021849324910672 0.35269295421271057 -0.71573941369737626 1.7754986935356545 1 CAMERA 1 5
6 1 0.58786355723297767 -0.18194813010793934 0.56721428013489783 0.54733835644751205 0.57317600510904054 -2.5250367856940352 3.2689041034298905 1 CAMERA 1 6
7 1 0.52619014513809104 -0.10737654412013044 -0.52658649995906992 -0.65901507341883214 -0.52756354046878429 -1.9122976882924096 2.4495262680858261 1 CAMERA 1 7
8 1 0.22695877157929079 -0.078463771848474528 0.76566022389300492 0.59673911725195572 0.27718498352637633 -2.6332965654550855 3.3941374641204991 1 CAMERA 1 8
9 1 -0.16075063025948941 -0.0097788593462522812 0.28643761129274914 0.94446657093724995 -0.18548100036913634 0.30428819329611273 1.6857998142060933 1 CAMERA 1 9
10 1 0.93066990347858358 -0.23793345722642087 0.1731437396659373 0.21739927807134324 0.30973573620102202 -2.6589062754605486 3.4610251099864069 1 CAMERA 1 10
11 1 0.074189678511318732 0.02764883017119928 0.41324235075061272 0.90717263700943873 0.088600244012405946 -0.47011750716876372 1.6988801609570678 1 CAMERA 1 11
12 1 0.86335286705643466 0.10170951118096018 0.16884959118139059 0.46450706974021583 0.50376901279367714 -1.083481672830956 1.9231851972366194 1 CAMERA 1 12
13 1 0.6755194278681812 -0.35497385676674081 -0.53811761931532986 -0.35790570178077941 -0.57843014929134906 -2.8143864215343188 4.2232624114577337 1 CAMERA 1 13
14 1 0.80816888662884978 -0.30208051773722916 0.37141763880277118 0.34301508578321632 0.51107151296006836 -2.7677207320994053 3.8920858264126541 1 CAMERA 1 14
15 1 0.44013033225581211 -0.079987821561034955 0.58030738897648215 0.68053697425606963 0.47054394403540195 -2.0837066680164638 2.6066346187616278 1 CAMERA 1 15
16 1 -0.054692687685422098 0.038779259160278169 0.6990226675895006 0.71194956925949715 -0.069963731241891619 -2.1779209526971299 2.657586547535816 1 CAMERA 1 16
17 1 0.14221617513820878 0.052417104572356467 0.28256795226176373 0.94719710674806368 0.17091862180140935 0.29329462683713026 1.6833807370819101 1 CAMERA 1 17
18 1 0.448357483838769 -0.068620722935889458 0.55850047726738417 0.69450988471124597 0.47580907489972435 -1.9725496643158544 2.4969225353837721 1 CAMERA 1 18
19 1 0.6701858870232269 -0.046467357691137592 -0.39271803354315216 -0.62806385633476325 -0.58074124543654837 -1.509207671939844 2.1569779776312825 1 CAMERA 1 19
20 1 -0.16650433225275085 0.10189500754623051 0.78823759874740784 0.58358821329696142 -0.21878990252587288 -2.6622719833990378 3.4469948678597651 1 CAMERA 1 20
21 1 0.29879551567426166 -0.0236174831197659 0.56399681315157879 0.76946153189025823 0.34294518702496157 -1.6657122065995629 2.2150970554376674 1 CAMERA 1 21
22 1 0.19794579361303219 -0.012014661753004004 0.5988386952645981 0.77592868728231834 0.2320947010494486 -1.7250099020029088 2.2581211108180161 1 CAMERA 1 22
23 1 -0.21506005196705169 0.11863346529944198 0.76781258832723676 0.59172553110813486 -0.27488660593642211 -2.6199103813246207 3.3625832867500174 1 CAMERA 1 23
24 1 -0.18051007116921416 0.057398134403846328 0.62361535068094376 0.75843619558175535 -0.21367262866091732 -1.8226722460802891 2.319499663410284 1 CAMERA 1 24
25 1 0.81234611162376058 -0.35095575597457646 -0.37385776308349045 -0.27776649412821369 -0.48413238504785727 -2.8106110929872221 4.0761784904993323 1 CAMERA 1 25
26 1 0.21724332693292497 -0.076276034081432173 0.77249139527088106 0.59181445382853703 0.26743050037074895 -2.6505306357509077 3.4313441774474951 1 CAMERA 1 26
27 1 0.91720465048637656 -0.37711241067525164 -0.11147962897533949 -0.063985554341467785 -0.15290035954935111 -2.8719397817133832 4.2461100664611813 1 CAMERA 1 27
28 1 0.89202518831214206 -0.45082537031051184 -0.031968875879287165 0.0050536992482755798 -0.029621893793465321 -2.8867003947661467 4.7279215978129541 1 CAMERA 1 28
29 1 0.70359900302106027 -0.19999089866271097 -0.47577241073083992 -0.48845951376466856 -0.58678943294493668 -2.4090507529845149 3.0654358581838377 1 CAMERA 1 29
30 1 0.96397179978684866 0.17886859613971157 0.03888024301553078 0.19300964026122069 0.22635284530618296 -0.91863664691797242 1.822809362918127 1 CAMERA 1 30
31 1 0.28842078561154205 -0.082961979001543062 0.70743057595535885 0.63990057092554442 0.33897861731480061 -2.4535768354452157 3.0643516996432689 1 CAMERA 1 31
32 1 0.61600082493422614 -0.2662065978409231 -0.57924420104807328 -0.46276688137602617 -0.58163077989920664 -2.6769123606676448 3.6253464686045698 1 CAMERA 1 32
33 1 -0.036114408444429764 0.031908466241833952 0.67389777452031019 0.7372512385756812 -0.045733542660824508 -2.0371053495672733 2.5072621663805656 1 CAMERA 1 33
34 1 0.89927402906658593 -0.40007118357267479 -0.15160082266388145 -0.090920070879551451 -0.2069590547599057 -2.8801403360693536 4.3906873259202479 1 CAMERA 1 34
35 1 0.85035451971623766 -0.13502701918677104 0.29768292413981456 0.4123709150307181 0.51370155287660557 -2.2890571164856452 2.8649789728878479 1 CAMERA 1 35
36 1 -0.29753108492984354 0.047188053580723373 0.52918074239615964 0.79323154436569299 -0.33076253577335268 -1.3784832846776829 2.0326411428825302 1 CAMERA 1 36
37 1 0.98903395057695342 0.075253877046021309 0.029809282032710643 0.12353179874178724 0.14791895110783868 -1.497161367877299 2.0866615575011709 1 CAMERA 1 37
38 1 0.98271555340720973 0.01002467824650047 0.066423422247149339 0.17250384312992195 0.20935332788478439 -1.7961694522947624 2.2985767893594518 1 CAMERA 1 38
39 1 0.39222425530690475 -0.095591003619649409 0.63819374335760337 0.65553889245043417 0.43571112956249758 -2.2964193515433964 2.8510673963402144 1 CAMERA 1 39
40 1 0.45670163622838106 -0.051227235874407896 0.52816825924769339 0.71402918406340277 0.47868045271607318 -1.8046012406406562 2.3517390213305314 1 CAMERA 1 40
41 1 0.99771309035122713 -0.063406552336761957 -0.021649868409879862 0.0089152487572940597 -0.0035568006565914506 -2.1223502253588671 2.5901694584495365 1 CAMERA 1 41
42 1 -0.23893612011239165 0.08744526591070835 0.66926262522286606 0.6981048592118807 -0.28484520304947597 -2.1512480686384001 2.6472271894856703 1 CAMERA 1 42
43 1 -0.22872215024194029 0.0030427707094308038 0.39264236720407819 0.89079116015567372 -0.25867088831247748 -0.41014300220687822 1.7037578803786888 1 CAMERA 1 43
44 1 0.63228140101177188 -0.12243067238484645 -0.47898473923167068 -0.59649357077604259 -0.57690341339471729 -2.0045693949330237 2.5519742456722669 1 CAMERA 1 44
45 1 0.24740559585273997 -0.046514642953523554 0.66419781954711399 0.7038949606585605 0.29037587190923159 -2.1669315796434585 2.6635248322672012 1 CAMERA 1 45
46 1 0.77264305518349019 -0.3723293766509399 0.40842995015878947 0.31237560783891816 0.51613634440645584 -2.8410756615432251 4.3963801478380695 1 CAMERA 1 46
47 1 -0.17530996695304307 0.022138877003050957 0.47253167397479712 0.86341768727687229 -0.19649137739695055 -0.8743525005724937 1.8066578912542706 1 CAMERA 1 47
48 1 0.86975133651206993 -0.2139552437245282 0.28633535135378235 0.34024672354535901 0.46679095415259492 -2.5719093892167986 3.3166730996763358 1 CAMERA 1 48
49 1 -0.41766559334606296 0.20500126881752928 0.70431583827187449 0.53616147929282565 -0.47597961299996006 -2.6638443380149877 3.5323778629758547 1 CAMERA 1 49
50 1 0.68931642305137186 -0.28125862403754964 0.51186546380088738 0.42863761184019866 0.5862013175204972 -2.7482429604025311 3.876318885511949 1 CAMERA 1 50
51 1 0.84922367339131288 -0.036427520345146722 -0.27913457627701743 -0.44673938335445479 -0.52561858486859281 -1.7037582039621857 2.2769182731074964 1 CAMERA 1 51
52 1 0.78961891871949852 0.013960187599378827 -0.28717597456250793 -0.54206737219326728 -0.56784275589945987 -1.2929121389012621 2.030868708584995 1 CAMERA 1 52
53 1 0.74786274626392879 -0.17270960411195191 -0.42620201340609293 -0.47877400636068362 -0.57875117300908729 -2.2955378286857613 2.8911970270739289 1 CAMERA 1 53
54 1 0.60036804304719271 0.16235825589606939 0.18660889218366825 0.76050978362415222 0.56870500337924179 0.065478364796425589 1.7205102052547205 1 CAMERA 1 54
55 1 0.13286755549359114 -0.018292971365708899 0.70455099346624994 0.69686403085644422 0.15863477679317911 -2.2572567143777964 2.7583762636292395 1 CAMERA 1 55
56 1 0.3463889855672142 0.0437408787347906 0.38332482789232969 0.8550809800986926 0.38168858026669478 -0.60047162513940033 1.7529449313121341 1 CAMERA 1 56
57 1 0.042285345549500801 0.018968537434495562 0.54255828088567137 0.83873872927255511 0.050494417089375833 -1.2674557960205943 1.9541876128784568 1 CAMERA 1 57
58 1 0.84784651279663337 0.063053955537756903 -0.22518529145450827 -0.47589082145191541 -0.52424300083279685 -1.1299492751994384 1.9458171510726516 1 CAMERA 1 58
59 1 0.36976640168787211 -0.11955186523904796 0.69118004154850499 0.60930313462649666 0.42266104372113394 -2.5226974836217346 3.2084828827174317 1 CAMERA 1 59
60 1 0.071469369243951572 0.022627056832789694 0.4699866162770901 0.87948435237892031 0.085042415952432601 -0.82542193943251396 1.7833076398484333 1 CAMERA 1 60
61 1 0.64062211069107788 -0.30867739366456359 -0.56900258077880617 -0.41298624795653749 -0.5842118723277594 -2.7612991629041925 3.9254995035364697 1 CAMERA 1 61
62 1 0.13093655540112631 -0.0018293868661169749 0.61658748526826912 0.77631961511605119 0.15635758467899602 -1.7644991910484211 2.2780415918143042 1 CAMERA 1 62
63 1 0.29926210479926996 -0.050962345812737959 0.62934871774368761 0.71537767886253611 0.34580837091478134 -2.0546282313614057 2.5528715859685258 1 CAMERA 1 63
64 1 0.84245158767764672 -0.37781812500478584 -0.31463419069181092 -0.22030459115731055 -0.41578522502835891 -2.8454986400195108 4.2489654981812253 1 CAMERA 1 64
65 1 -0.1433987060316223 0.088865334525340151 0.78436384778409174 0.59691969117921551 -0.18867058267361581 -2.630298905357872 3.3699217703665933 1 CAMERA 1 65
66 1 0.87330321317261006 0.12644290957253734 -0.1751945398853727 -0.43664695312755669 -0.48328991472921645 -0.83384244048884493 1.8261396889570687 1 CAMERA 1 66
67 1 0.91656181737897935 -0.10437094792852911 -0.23395326456903762 -0.30706189953970603 -0.41790715815133922 -2.1403752589269045 2.654185422463271 1 CAMERA 1 67
68 1 0.99872592375328717 -0.040397415750152148 -0.0094813173162173192 0.028717288273824436 0.022571250101219614 -2.0313165579030179 2.496483361120271 1 CAMERA 1 68
69 1 0.44735326608619108 0.05490945470372819 0.35140024892850347 0.82059604688247356 0.47218265032393142 -0.61366624099477818 1.7713443645638109 1 CAMERA 1 69
70 1 0.94655224461984511 -0.23112962704435086 -0.16525961578046436 -0.15266696793859993 -0.2577658614739175 -2.6236608238985819 3.3639561741605424 1 CAMERA 1 70
71 1 0.96249083837305383 -0.2137755850630246 0.092146535794193421 0.13935709963983492 0.18783251097922932 -2.6114535045814553 3.3271793704020172 1 CAMERA 1 71
72 1 0.90210006689539479 0.23224219578896746 0.069639170375935283 0.35697257282849443 0.39465275068459971 -0.45282636994218639 1.7251568346459512 1 CAMERA 1 72
73 1 0.84224072515165083 -0.25991815977201971 -0.34640633871750626 -0.3210541381341791 -0.48687678591817263 -2.6375986711211183 3.4749769170341094 1 CAMERA 1 73
74 1 -0.15610572193197084 0.07236487657965153 0.70873049563136969 0.68417498695861656 -0.19254004138129904 -2.2811505010130637 2.7927149506991462 1 CAMERA 1 74
75 1 0.81832313386795619 -0.39557937627915535 0.32791227706730525 0.25756114650245027 0.44160114332027006 -2.85708606744645 4.491925370791038 1 CAMERA 1 75
76 1 0.9846928607439166 0.052870313445730524 -0.089967112827497892 -0.1396088054729934 -0.19006121508370716 -1.5612893792182263 2.1263376910285512 1 CAMERA 1 76
77 1 0.082191881607457537 4.0333220338575268e-05 0.69219964938573253 0.71701055665961155 0.096040735540289801 -2.1585733358677377 2.6437455764093833 1 CAMERA 1 77
78 1 0.096342847957510025 0.014922965317115396 0.53527437159046987 0.83903319831339684 0.11387973374666661 -1.2481529068722526 1.9461598642189231 1 CAMERA 1 78
79 1 0.88855129602634664 -0.29497641143580544 0.24256904330171816 0.25421599134996098 0.3838650779842035 -2.7665665213566064 3.8049501390634566 1 CAMERA 1 79
80 1 0.97004206781397317 0.082225802243859683 0.070895834479908076 0.21732713767484813 0.26119804099097393 -1.4267360931077289 2.0557349508630631 1 CAMERA 1 80
81 1 0.87753929829294786 0.0057345254420257258 0.21124781074590254 0.43042567026670125 0.49578683233133808 -1.64662671480001 2.2311571030572881 1 CAMERA 1 81
82 1 0.90081467977600094 -0.30971766979463328 -0.23590413282775874 -0.19224234141267282 -0.3415790225583995 -2.7729882242045476 3.8067873355359678 1 CAMERA 1 82
83 1 0.95896316839256224 -0.044515315023554283 -0.16074239327067277 -0.22928129317602083 -0.3143053442950261 -1.9500312280903513 2.4411683675958376 1 CAMERA 1 83
84 1 0.25985029902889134 -0.063644386283918497 0.69525049452668997 0.667123649745332 0.30550981069037941 -2.3494364365815859 2.8988433627542243 1 CAMERA 1 84
85 1 0.8992969758101198 -0.27272684253769297 0.22876631498710737 0.25406887213000529 0.37594896820540219 -2.7264356332742072 3.6655330074622281 1 CAMERA 1 85
86 1 0.74068823626285751 -0.086391412357319869 0.37686936166031371 0.54944239440952569 0.59002691849829225 -2.0052360960662265 2.5523645825125105 1 CAMERA 1 86
87 1 0.11314252106170265 -0.0024342589620566699 0.64600078341665235 0.75490120687158746 0.13481158645925106 -1.9202877720720319 2.411114995075204 1 CAMERA 1 87
88 1 0.86735968889648751 -0.14204100860689814 -0.30252158609388752 -0.36877121891297621 -0.48699243887350113 -2.2438624725314429 2.7943734908666538 1 CAMERA 1 88
89 1 0.525464289178315 -0.17726558207738105 0.61785729144455381 0.55741955618537031 0.5431892790016043 -2.5702279153739434 3.3496057682539875 1 CAMERA 1 89
90 1 0.98403241112338202 -0.15606467854733214 -0.067604673452136152 -0.052475118828369333 -0.10031917583647573 -2.4398377929764714 3.0025524393870016 1 CAMERA 1 90
91 1 0.31007467916612014 -0.10985986372501848 0.73327534569818709 0.59505610750042093 0.36648668842831922 -2.6069409103814509 3.3600717387701287 1 CAMERA 1 91
92 1 -0.17391149218850077 0.084292008495951781 0.72776416750636608 0.65803416832430028 -0.21600922283201535 -2.3938820841731752 2.9497304799195718 1 CAMERA 1 92
93 1 0.30384490683594434 -0.11404018630407041 0.74564912230432268 0.58196262328811343 0.36305913067209605 -2.6493881938021566 3.4558383511080781 1 CAMERA 1 93
94 1 0.54359371951259405 -0.15097849523544432 -0.5608880400270615 -0.60590095612856221 -0.54343718327690049 -2.2127632479451123 2.7740101643264254 1 CAMERA 1 94
95 1 0.63391015435216547 -0.29213767869603874 -0.571493537424276 -0.43151897939440781 -0.58420789595186717 -2.731465362491218 3.8049958543370557 1 CAMERA 1 95
96 1 0.55712057483270894 -0.28206694908640051 -0.63662329391158234 -0.45251042306263956 -0.5673202812142093 -2.7530125048223635 3.8735232844268688 1 CAMERA 1 96
97 1 0.81525180816082954 -0.36770247536491246 -0.36412905060039119 -0.25994117297933361 -0.46940702865689032 -2.8301399540080965 4.1884095128134282 1 CAMERA 1 97
98 1 0.58536478850017715 0.13063264127950316 0.22711324332860494 0.76726967366190435 0.5608849367713199 -0.16469108670617727 1.7235920034358487 1 CAMERA 1 98
99 1 0.97388472927854197 0.16140480880109037 0.029803389953113303 0.15687185764580969 0.18549740369487949 -1.033314138600949 1.8618902261335504 1 CAMERA 1 99
100 1 0.98613768376484723 -0.13170737131446422 0.039576746945998477 0.092840282752200909 0.11340072546926849 -2.3729758568654473 2.9054515977672493 1 CAMERA 1 100
